<?xml version="1.0"?>
<opencv_storage>
<R type_id="opencv-matrix">
  <rows>3</rows>
  <cols>3</cols>
  <dt>d</dt>
  <data>
    9.9459940901133703e-01 -6.3911416025459022e-02
    8.1776197612262513e-02 1.0357811055468624e-01 6.6134189893151185e-01
    -7.4289869277821663e-01 -6.6023183973739699e-03
    7.4735682482953392e-01 6.6439008554650858e-01</data></R>
<T type_id="opencv-matrix">
  <rows>3</rows>
  <cols>1</cols>
  <dt>d</dt>
  <data>
    -1.7638785656560604e+01 3.8254542955503155e+02
    1.8328382920547011e+02</data></T>
</opencv_storage>
