<?xml version="1.0"?>
<opencv_storage>
<R type_id="opencv-matrix">
  <rows>3</rows>
  <cols>3</cols>
  <dt>d</dt>
  <data>
    9.9119066202278794e-01 3.8398967913935204e-02 1.2675405627423533e-01
    -2.8292007437321139e-02 9.9634525390837514e-01
    -8.0595889035496651e-02 -1.2938560133953861e-01
    7.6299765906587810e-02 9.8865449571051156e-01</data></R>
<T type_id="opencv-matrix">
  <rows>3</rows>
  <cols>1</cols>
  <dt>d</dt>
  <data>
    -2.4892824216305618e+02 -6.2283850237940843e+00
    1.0045755422913624e+02</data></T>
</opencv_storage>
