<?xml version="1.0"?>
<opencv_storage>
<R type_id="opencv-matrix">
  <rows>3</rows>
  <cols>3</cols>
  <dt>d</dt>
  <data>
    9.3269325830622851e-01 4.5409814118020440e-02 3.5780055155334484e-01
    -6.0360562765355973e-02 9.9770374420732777e-01
    3.0721999565925341e-02 -3.5558386967459660e-01
    -5.0251244526340104e-02 9.3329251794429036e-01</data></R>
<T type_id="opencv-matrix">
  <rows>3</rows>
  <cols>1</cols>
  <dt>d</dt>
  <data>
    -2.1960328916561230e+02 2.1287344723318135e+01
    1.2569593567449832e+02</data></T>
</opencv_storage>
