<?xml version="1.0"?>
<opencv_storage>
<M1 type_id="opencv-matrix">
  <rows>3</rows>
  <cols>3</cols>
  <dt>d</dt>
  <data>
    1.3055766988582059e+03 0. 4.1578650417854919e+02 0.
    1.2899329073594972e+03 2.0710998681763539e+02 0. 0. 1.</data></M1>
<D1 type_id="opencv-matrix">
  <rows>1</rows>
  <cols>5</cols>
  <dt>d</dt>
  <data>
    -3.9350552099858294e-01 1.4763824570765234e+00
    -9.9982580754817037e-03 -3.8809931814081274e-03
    -6.8247733888805602e+00</data></D1>
</opencv_storage>
