<?xml version="1.0"?>
<opencv_storage>
<M2 type_id="opencv-matrix">
  <rows>3</rows>
  <cols>3</cols>
  <dt>d</dt>
  <data>
    8.4032078867276027e+02 0. 4.0666382546402843e+02 0.
    8.4575293785367126e+02 2.7682419046574665e+02 0. 0. 1.</data></M2>
<D2 type_id="opencv-matrix">
  <rows>1</rows>
  <cols>5</cols>
  <dt>d</dt>
  <data>
    -3.7070562193712531e-01 9.7048956472416037e-01
    2.7004188684402724e-03 -3.3009247080969259e-03
    -1.0554456532729397e+00</data></D2>
</opencv_storage>
