<?xml version="1.0"?>
<opencv_storage>
<M2 type_id="opencv-matrix">
  <rows>3</rows>
  <cols>3</cols>
  <dt>d</dt>
  <data>
    1.2234514949702930e+03 0. 5.0630859510851565e+02 0.
    1.2414946706299520e+03 3.7002440076930606e+02 0. 0. 1.</data></M2>
<D2 type_id="opencv-matrix">
  <rows>1</rows>
  <cols>5</cols>
  <dt>d</dt>
  <data>
    -1.8533001157446785e-02 -1.9991119363958294e+00
    1.5394710687526982e-02 8.7202132834332240e-03 7.1330796963031258e+00</data></D2>
</opencv_storage>
