<?xml version="1.0"?>
<opencv_storage>
<M2 type_id="opencv-matrix">
  <rows>3</rows>
  <cols>3</cols>
  <dt>d</dt>
  <data>
    1263.157894 0. 400.0	 0.
    1241.3793102 300.0 0. 0. 1.</data></M2>
<D2 type_id="opencv-matrix">
  <rows>1</rows>
  <cols>5</cols>
  <dt>d</dt>
  <data>
    -1.4925993898392862e+00 1.3420602959035259e+01
    -5.8341775568173618e-02 -3.5975576159503031e-02
    -7.2399024894201943e+01</data></D2>
</opencv_storage>
