<?xml version="1.0"?>
<opencv_storage>
<intrinsic type_id="opencv-matrix">
  <rows>3</rows>
  <cols>3</cols>
  <dt>d</dt>
  <data>
    1.3327545308083045e+03 0. 4.0496061274758961e+02 0.
    1.3296976980978889e+03 2.1139298485483906e+02 0. 0. 1.</data></intrinsic>
<distortion type_id="opencv-matrix">
  <rows>1</rows>
  <cols>5</cols>
  <dt>d</dt>
  <data>
    -2.2224677332699119e-01 -9.0238965363704562e+00
    -8.8363106782205388e-03 1.6951002244782926e-04
    2.0135580214786043e+02</data></distortion>
</opencv_storage>
