<?xml version="1.0"?>
<opencv_storage>
<R type_id="opencv-matrix">
  <rows>3</rows>
  <cols>3</cols>
  <dt>d</dt>
  <data>
    9.9885309011116241e-01 2.2480525108153702e-02
    -4.2274464706768690e-02 -2.0050847366319582e-02
    9.9817025027925133e-01 5.7044850576975198e-02 4.3479511212463233e-02
    -5.6131786434412925e-02 9.9747619252612085e-01</data></R>
<T type_id="opencv-matrix">
  <rows>3</rows>
  <cols>1</cols>
  <dt>d</dt>
  <data>
    -1.4540332455770385e+02 3.7127557282177563e+01
    1.3808933758976147e+02</data></T>
</opencv_storage>
