<?xml version="1.0"?>
<opencv_storage>
<R type_id="opencv-matrix">
  <rows>3</rows>
  <cols>3</cols>
  <dt>d</dt>
  <data>
    9.9997070680284317e-01 -6.6622775597290351e-03
    -3.7682348572452176e-03 6.6616297401950290e-03
    9.9997779408875997e-01 -1.8444127013142651e-04
    3.7693799790915303e-03 1.5933328186387043e-04 9.9999288316841461e-01</data></R>
<T type_id="opencv-matrix">
  <rows>3</rows>
  <cols>1</cols>
  <dt>d</dt>
  <data>
    -3.2759878185886720e+01 -9.4004691137751797e-02
    2.0479294336848484e+00</data></T>
</opencv_storage>
