<?xml version="1.0"?>
<opencv_storage>
<R type_id="opencv-matrix">
  <rows>3</rows>
  <cols>3</cols>
  <dt>d</dt>
  <data>
    9.9959397851547493e-01 1.0279703387133465e-02 2.6574533182670602e-02
    -2.8491264543410791e-02 3.7221642592630466e-01
    9.2770856421365722e-01 -3.5490889209378179e-04
    -9.2808903666023357e-01 3.7235817980911606e-01</data></R>
<T type_id="opencv-matrix">
  <rows>3</rows>
  <cols>1</cols>
  <dt>d</dt>
  <data>
    -1.3630270759132399e+00 -2.9670656679930153e+02
    1.2356015954291594e+02</data></T>
</opencv_storage>
