<?xml version="1.0"?>
<opencv_storage>
<M1 type_id="opencv-matrix">
  <rows>3</rows>
  <cols>3</cols>
  <dt>d</dt>
  <data>
    1.3369722971363076e+03 0. 4.0173849671967122e+02 0.
    1.3332012641387826e+03 2.0908515225164723e+02 0. 0. 1.</data></M1>
<D1 type_id="opencv-matrix">
  <rows>1</rows>
  <cols>5</cols>
  <dt>d</dt>
  <data>
    -2.0074854903931588e-01 -9.3651871160412163e+00
    -8.1510258551769146e-03 -2.2460990576948287e-04
    1.9576103122017528e+02</data></D1>
</opencv_storage>
