<?xml version="1.0"?>
<opencv_storage>
<M1 type_id="opencv-matrix">
  <rows>3</rows>
  <cols>3</cols>
  <dt>d</dt>
  <data>
    1.3004450661867475e+03 0. 3.7586376688767211e+02 0.
    1.3007992752526543e+03 2.6076313780384606e+02 0. 0. 1.</data></M1>
<D1 type_id="opencv-matrix">
  <rows>1</rows>
  <cols>5</cols>
  <dt>d</dt>
  <data>
    -1.5071228739358536e-01 -1.6879558314446579e+00
    -5.9143746374290783e-03 -1.4223202918286022e-03
    1.0279357167817123e+01</data></D1>
</opencv_storage>
