<?xml version="1.0"?>
<opencv_storage>
<M2 type_id="opencv-matrix">
  <rows>3</rows>
  <cols>3</cols>
  <dt>d</dt>
  <data>
    1.3048961416723835e+03 0. 4.0580764334326625e+02 0.
    1.3061657360028587e+03 2.6047435021538695e+02 0. 0. 1.</data></M2>
<D2 type_id="opencv-matrix">
  <rows>1</rows>
  <cols>5</cols>
  <dt>d</dt>
  <data>
    -1.6986258535406437e-01 -8.3523867924529793e-01
    -5.9934283758140538e-03 -1.2377618411659633e-03
    3.6842428790895432e+00</data></D2>
</opencv_storage>
