<?xml version="1.0"?>
<opencv_storage>
<M2 type_id="opencv-matrix">
  <rows>3</rows>
  <cols>3</cols>
  <dt>d</dt>
  <data>
    1.4998912879610891e+03 0. 3.8226434340585018e+02 0.
    1.4834654512097175e+03 6.5552805722861692e+01 0. 0. 1.</data></M2>
<D2 type_id="opencv-matrix">
  <rows>1</rows>
  <cols>5</cols>
  <dt>d</dt>
  <data>
    -1.0633807602846324e-01 -3.1623084982778473e+00
    5.5836165901875226e-03 -3.5849412365824007e-03
    2.3782162654905225e+01</data></D2>
</opencv_storage>
