%YAML:1.0
---
q_value: 6.3626751303672791e-02
lean: 6.8722339297276724e-01
depth: 5.2196692489087582e-01
point_x: 336.
point_y: 244.
