%YAML:1.0
---
q_value: 1.
lean: 9.8174770424681146e-02
depth: 2.1193750000000000e+02
point_x: 316.
point_y: 152.
