%YAML:1.0
---
q_value: 9.9724340438842773e-01
lean: 4.9087385212340529e-01
depth: 7.0454887114465237e-01
point_x: 356.
point_y: 252.
