%YAML:1.0
---
q_value: 6.6003829240798950e-02
lean: -9.8174770424681146e-02
depth: 5.3648898191750050e-01
point_x: 300.
point_y: 228.
