%YAML:1.0
---
q_value: 9.6800822019577026e-01
lean: -2.9452431127404299e-01
depth: 6.8820317275822163e-01
point_x: 344.
point_y: 220.
